-9.96093	-14.6484	-31.6406
-10.5469	-14.0625	-32.8125
-10.8398	-13.7695	-33.6914
-10.8398	-13.7695	-31.9336
-9.66796	-13.7695	-31.9336
-11.4258	-12.5976	-32.5195
-9.375	-14.6484	-32.2266
-10.8398	-14.3555	-31.9336
-9.66796	-14.9414	-31.9336
-10.2539	-14.9414	-32.5195
-10.2539	-15.5273	-32.5195
-11.4258	-13.7695	-31.3477
-10.5469	-14.6484	-31.6406
-9.96093	-14.6484	-32.2266
-10.2539	-14.9414	-32.5195
-10.5469	-13.4766	-31.0547
-10.5469	-13.4766	-32.2266
-11.4258	-13.7695	-33.6914
-10.5469	-14.0625	-31.6406
-10.5469	-15.2344	-31.6406
-10.5469	-14.0625	-32.8125
-8.49609	-13.7695	-32.5195
-11.1328	-13.4766	-31.6406
-9.96093	-14.0625	-32.2266
-10.2539	-13.7695	-32.5195
-9.96093	-14.6484	-32.2266
-13.1836	-13.7695	-32.5195
-10.5469	-12.3047	-33.9844
-12.3047	-14.0625	-33.3984
-9.96093	-14.6484	-32.2266
-11.1328	-13.4766	-32.2266
-9.08203	-14.3555	-32.5195
-9.66796	-14.3555	-33.1055
-11.4258	-13.1836	-30.7617
-10.2539	-13.7695	-33.1055
-11.4258	-14.3555	-31.3477
-11.4258	-13.7695	-33.6914
-9.66796	-13.7695	-32.5195
-9.96093	-12.3047	-31.6406
-10.5469	-13.4766	-32.8125
-10.2539	-14.3555	-31.9336
-9.96093	-12.8906	-33.9844
-9.66796	-13.7695	-32.5195
-11.1328	-14.0625	-32.2266
-10.5469	-14.6484	-30.4688
-12.0117	-13.1836	-31.9336
-10.5469	-13.4766	-31.0547
-10.5469	-13.4766	-32.8125
-10.2539	-13.7695	-33.1055
-9.96093	-14.0625	-32.2266
-11.4258	-12.0117	-31.3477
-10.5469	-14.0625	-32.2266
-10.8398	-13.1836	-31.3477
-11.7188	-14.0625	-31.6406
-11.1328	-14.0625	-32.2266
-11.1328	-13.4766	-32.8125
-12.0117	-12.0117	-32.5195
-11.1328	-14.0625	-31.6406
-11.1328	-14.0625	-32.2266
-10.2539	-14.3555	-31.9336
-9.66796	-13.7695	-31.3477
-10.8398	-13.7695	-31.9336
-10.8398	-14.3555	-33.1055
-9.66796	-13.7695	-33.1055
-11.1328	-12.8906	-31.6406
-10.5469	-14.0625	-33.3984
-11.1328	-14.6484	-31.0547
-10.8398	-13.7695	-31.9336
-12.0117	-13.7695	-33.1055
-11.7188	-14.0625	-32.8125
-10.5469	-12.8906	-31.6406
-12.0117	-13.7695	-33.1055
-9.66796	-13.1836	-32.5195
-9.66796	-14.3555	-33.1055
-9.66796	-12.0117	-33.1055
-11.4258	-13.1836	-32.5195
-9.375	-13.4766	-32.8125
-9.96093	-13.4766	-31.6406
-9.375	-13.4766	-33.3984
-10.8398	-13.7695	-32.5195
-9.66796	-13.7695	-31.9336
-10.2539	-13.7695	-32.5195
-11.4258	-13.1836	-31.3477
-10.5469	-14.0625	-33.3984
-9.375	-15.8203	-32.8125
-11.7188	-14.6484	-31.6406
-11.7188	-12.3047	-32.2266
-10.5469	-12.8906	-32.2266
-11.1328	-14.0625	-32.8125
-10.5469	-15.2344	-32.8125
-11.7188	-14.0625	-31.0547
-10.2539	-14.3555	-32.5195
-11.4258	-13.7695	-31.9336
-11.1328	-12.8906	-33.3984
-10.2539	-14.3555	-31.9336
-11.4258	-12.0117	-31.9336
-10.8398	-14.3555	-33.1055
-9.96093	-14.0625	-33.3984
-10.8398	-12.5976	-33.1055
-11.7188	-14.6484	-32.2266
-11.1328	-12.3047	-31.0547
-12.5976	-14.9414	-32.5195
-10.2539	-14.3555	-32.5195
-11.1328	-13.4766	-32.2266
-10.2539	-13.7695	-31.3477
-12.0117	-12.5976	-33.6914
-9.96093	-11.7188	-33.3984
-11.7188	-12.8906	-32.8125
-12.8906	-12.3047	-31.6406
-10.5469	-12.3047	-32.2266
-12.0117	-11.4258	-32.5195
-10.8398	-10.8398	-33.6914
-9.375	-9.96093	-30.4688
-9.96093	-11.1328	-31.6406
-10.5469	-11.1328	-31.0547
-10.8398	-7.91015	-33.1055
-9.96093	-8.20312	-32.8125
-11.1328	-9.375	-32.8125
-10.5469	-4.6875	-33.9844
-12.5976	-5.5664	-34.2773
-10.5469	-4.10156	-33.3984
-10.5469	-2.34375	-34.5703
-11.1328	-1.17187	-33.9844
-10.5469	-1.75781	-33.9844
-11.4258	0.29296	-36.0352
-11.1328	1.17187	-35.1562
-11.4258	0.8789	-36.0352
-12.5976	3.22265	-36.6211
-12.8906	4.10156	-38.0859
-11.1328	4.6875	-40.4297
-13.4766	5.85937	-40.4297
-12.3047	6.44531	-39.8438
-11.1328	7.61718	-41.0156
-12.3047	8.20312	-41.6016
-11.4258	9.08203	-42.4805
-12.3047	10.5469	-43.9453
-11.7188	11.7188	-44.5312
-11.7188	11.1328	-44.5312
-12.3047	14.0625	-46.2891
-11.7188	12.8906	-46.875
-11.4258	14.9414	-46.582
-10.8398	16.1133	-47.7539
-11.1328	15.2344	-49.2188
-9.66796	17.8711	-51.8555
-11.1328	17.5781	-51.5625
-8.20312	18.75	-52.1484
-7.32421	19.043	-53.6133
-7.61718	19.3359	-56.25
-7.32421	19.6289	-57.1289
-7.91015	20.8008	-58.8867
-7.32421	21.9727	-58.3008
-6.44531	20.5078	-59.7656
-7.61718	21.0938	-62.6953
-6.73828	23.7305	-62.9883
-6.73828	21.9727	-64.1602
-7.03125	21.6797	-66.2109
-6.15234	23.7305	-65.332
-8.78906	21.6797	-66.7969
-9.66796	23.1445	-67.0898
-9.08203	24.3164	-67.6758
-9.96093	21.0938	-69.1406
-10.2539	21.9727	-68.2617
-12.5976	21.9727	-70.0195
-11.1328	24.0234	-71.4844
-10.8398	21.3867	-70.6055
-10.8398	23.1445	-70.0195
-11.1328	21.6797	-69.1406
-9.08203	21.3867	-71.1914
-11.4258	23.1445	-70.6055
-10.5469	21.6797	-69.1406
-10.8398	22.5586	-69.4336
-9.96093	21.6797	-67.3828
-9.375	21.0938	-67.3828
-11.1328	22.8516	-64.4531
-10.5469	22.8516	-62.6953
-9.08203	21.3867	-61.8164
-10.5469	21.0938	-59.1797
-10.5469	21.6797	-58.5938
-11.4258	19.6289	-55.3711
-10.5469	18.1641	-53.3203
-9.375	15.8203	-50.3906
-9.375	14.6484	-48.6328
-9.66796	16.6992	-47.7539
-9.08203	13.1836	-45.4102
-8.49609	12.0117	-43.6523
-9.66796	9.66796	-38.9648
-8.78906	8.78906	-40.4297
-8.49609	7.91015	-40.1367
-8.49609	2.63671	-36.0352
-7.61718	1.17187	-34.5703
-8.49609	0.29296	-33.6914
-6.73828	-3.80859	-33.6914
-6.15234	-6.73828	-31.9336
-6.73828	-8.49609	-32.5195
-6.15234	-11.4258	-30.7617
-7.61718	-14.0625	-29.8828
-7.32421	-16.6992	-31.3477
-7.03125	-20.5078	-32.2266
-6.73828	-23.1445	-31.3477
-7.91015	-23.7305	-33.6914
-5.85937	-26.9531	-34.5703
-8.49609	-27.2461	-36.0352
-8.49609	-30.7617	-39.5508
-9.375	-31.6406	-39.8438
-9.375	-32.2266	-41.6016
-9.96093	-33.9844	-42.7734
-9.08203	-32.5195	-47.168
-10.8398	-33.6914	-46.582
-12.0117	-35.4492	-49.5117
-11.1328	-32.8125	-51.5625
-11.7188	-33.9844	-55.6641
-12.0117	-33.1055	-58.3008
-12.5976	-31.9336	-62.4023
-12.3047	-30.4688	-64.4531
-12.3047	-30.4688	-66.2109
-14.0625	-28.125	-69.7266
-13.7695	-27.832	-69.4336
-15.2344	-28.125	-71.4844
-14.0625	-25.1953	-73.8281
-16.4062	-23.4375	-75
-15.8203	-21.6797	-77.9297
-15.2344	-18.75	-79.6875
-16.1133	-17.8711	-80.5664
-14.3555	-16.6992	-79.9805
-16.6992	-14.3555	-82.3242
-16.4062	-14.0625	-80.8594
-14.6484	-12.3047	-83.2031
-15.2344	-12.8906	-84.9609
-14.9414	-10.8398	-85.2539
-15.5273	-8.49609	-84.668
-14.9414	-6.73828	-85.8398
-14.0625	-6.44531	-85.5469
-13.4766	-4.10156	-87.3047
-12.8906	-2.92968	-86.7188
-12.3047	-2.34375	-87.3047
-10.2539	-1.46484	-88.1836
-12.0117	0.29296	-87.0117
-10.2539	3.22265	-88.7695
-9.375	3.51562	-87.3047
-10.5469	3.51562	-87.8906
-10.2539	5.5664	-87.5977
-9.375	6.44531	-88.4766
-9.96093	8.20312	-89.0625
-9.66796	7.91015	-88.1836
-8.20312	8.20312	-85.5469
-10.5469	8.78906	-86.1328
-9.375	8.78906	-87.3047
-9.375	9.375	-85.5469
-9.375	9.375	-85.5469
-9.96093	11.1328	-84.9609
-9.96093	11.7188	-86.7188
-8.78906	12.3047	-84.9609
-9.08203	13.7695	-87.0117
-7.32421	13.1836	-84.082
-7.91015	13.7695	-84.082
-9.66796	14.3555	-84.668
-8.49609	15.5273	-85.2539
-7.91015	15.5273	-85.2539
-7.91015	14.9414	-84.668
-9.375	15.8203	-84.375
-6.44531	16.9922	-84.9609
-8.20312	16.9922	-84.375
-9.96093	18.75	-83.2031
-8.78906	19.9219	-80.2734
-8.20312	19.9219	-79.6875
-8.78906	21.0938	-78.5156
-8.49609	21.9727	-75.293
-6.15234	21.3867	-76.4648
-8.78906	22.8516	-75
-9.375	24.0234	-72.6562
-7.91015	23.7305	-71.1914
-7.03125	24.0234	-71.4844
-7.61718	21.6797	-67.3828
-9.08203	23.1445	-65.918
-8.78906	24.0234	-65.0391
-8.49609	22.5586	-62.4023
-7.91015	23.7305	-60.6445
-6.73828	23.1445	-58.8867
-5.27343	22.2656	-56.8359
-5.27343	20.5078	-54.4922
-4.39453	20.2148	-52.4414
-6.15234	20.2148	-49.5117
-2.92968	18.1641	-48.0469
-3.51562	16.9922	-48.6328
-2.92968	16.4062	-45.7031
-4.10156	14.6484	-43.9453
-1.75781	15.8203	-44.5312
-3.22265	13.7695	-41.3086
-2.05078	13.1836	-42.4805
-0.29296	11.4258	-38.9648
-1.46484	10.2539	-39.5508
-0.8789	9.66796	-39.5508
-0.58593	7.03125	-36.9141
-0.29296	7.91015	-36.0352
0.8789	4.98046	-36.6211
0.58593	5.85937	-34.5703
3.22265	4.98046	-34.8633
2.92968	4.6875	-35.1562
3.51562	4.6875	-34.5703
2.63671	2.05078	-31.9336
2.63671	1.46484	-35.4492
3.22265	1.46484	-35.4492
2.05078	1.46484	-33.6914
4.39453	3.22265	-36.0352
4.6875	1.75781	-35.1562
4.39453	2.05078	-35.4492
6.44531	1.75781	-35.1562
6.73828	1.46484	-36.0352
5.85937	3.51562	-35.7422
8.20312	3.51562	-35.1562
10.2539	1.46484	-36.6211
11.4258	2.63671	-36.0352
12.5976	2.63671	-38.3789
15.5273	1.46484	-38.9648
17.8711	0.8789	-38.3789
18.457	0.29296	-41.3086
19.3359	-0.58593	-42.1875
23.4375	0	-44.5312
21.9727	-2.05078	-44.8242
25.1953	-1.75781	-46.2891
24.6094	-1.17187	-45.7031
23.7305	-3.22265	-47.7539
25.1953	-2.34375	-47.4609
25.4883	-3.80859	-47.7539
26.3672	-4.10156	-50.3906
26.0742	-2.05078	-50.6836
25.7812	-2.34375	-50.9766
26.3672	-1.17187	-50.3906
26.3672	-2.92968	-51.5625
27.832	-2.05078	-51.8555
27.5391	-2.34375	-52.1484
26.6602	-2.63671	-52.4414
27.832	-2.63671	-53.0273
26.9531	-1.75781	-53.9062
26.9531	-2.34375	-55.6641
28.418	-2.63671	-55.957
26.9531	-1.17187	-56.25
28.125	-0.58593	-56.8359
26.9531	0	-59.1797
28.125	-3.51562	-60.3516
27.2461	-0.8789	-60.6445
30.1758	-0.29296	-64.7461
27.2461	-0.8789	-64.7461
26.9531	-2.34375	-66.2109
28.418	-2.05078	-66.5039
26.9531	-1.17187	-67.3828
24.9023	-0.8789	-68.8477
24.6094	-1.75781	-71.4844
24.6094	-2.92968	-72.0703
24.9023	-3.22265	-73.5352
22.5586	-1.46484	-72.9492
22.2656	-2.92968	-74.4141
20.5078	-2.92968	-75.5859
21.3867	-2.63671	-75.293
19.6289	-0.29296	-78.2227
20.8008	-1.46484	-78.8086
17.8711	-2.05078	-80.5664
17.5781	-2.92968	-79.1016
16.4062	-2.92968	-80.8594
13.7695	-2.63671	-83.4961
11.4258	-2.63671	-83.4961
9.66796	-4.39453	-84.082
7.91015	-4.39453	-85.2539
7.61718	-5.85937	-85.5469
2.05078	-5.5664	-85.8398
0.58593	-7.61718	-86.7188
-2.63671	-9.66796	-86.4258
-3.22265	-10.8398	-87.0117
-9.375	-11.7188	-85.5469
-12.0117	-11.4258	-84.082
-15.2344	-11.1328	-82.6172
-19.6289	-12.5976	-81.1523
-20.8008	-12.5976	-79.3945
-23.4375	-14.0625	-77.9297
-25.4883	-16.1133	-75.8789
-26.6602	-16.1133	-74.707
-28.7109	-16.4062	-73.8281
-29.5898	-16.6992	-71.7773
-29.2969	-17.5781	-68.5547
-32.2266	-16.9922	-68.5547
-31.9336	-16.6992	-67.0898
-31.3477	-18.457	-65.918
-31.9336	-17.8711	-64.1602
-32.5195	-16.6992	-62.4023
-33.1055	-18.457	-60.0586
-33.1055	-17.8711	-59.4727
-34.2773	-17.8711	-58.3008
-32.5195	-19.6289	-57.1289
-33.6914	-17.8711	-56.543
-32.5195	-17.8711	-55.957
-33.1055	-18.457	-55.957
-33.1055	-17.2852	-57.7148
-33.9844	-16.4062	-58.0078
-33.1055	-17.2852	-58.8867
-33.9844	-15.2344	-59.1797
-33.9844	-15.2344	-59.1797
-34.5703	-15.8203	-59.7656
-33.9844	-16.4062	-60.9375
-34.8633	-17.2852	-60.6445
-34.5703	-15.8203	-58.0078
-34.2773	-16.1133	-59.4727
-33.3984	-17.5781	-59.1797
-33.9844	-16.4062	-56.8359
-34.8633	-17.2852	-58.3008
-34.2773	-16.6992	-57.1289
-33.6914	-18.457	-55.3711
-34.5703	-17.5781	-52.7344
-34.5703	-17.5781	-52.7344
-33.1055	-17.8711	-52.4414
-33.3984	-17.5781	-52.7344
-32.8125	-18.75	-52.1484
-33.6914	-20.2148	-50.6836
-33.1055	-19.043	-50.0977
-31.0547	-19.9219	-48.6328
-32.5195	-18.457	-46.582
-31.9336	-19.6289	-45.9961
-29.0039	-19.6289	-43.6523
-29.5898	-19.043	-41.8945
-27.5391	-19.3359	-42.7734
-27.832	-20.2148	-40.1367
-24.3164	-20.2148	-38.3789
-24.0234	-21.0938	-37.5
-22.8516	-21.0938	-36.9141
-19.6289	-20.8008	-35.4492
-17.2852	-22.5586	-36.0352
-14.0625	-21.6797	-33.3984
-14.0625	-21.6797	-33.3984
-11.4258	-20.8008	-30.1758
-5.27343	-22.8516	-33.3984
-4.10156	-23.4375	-32.2266
-0.58593	-23.4375	-33.3984
4.10156	-24.0234	-33.9844
7.32421	-24.3164	-36.0352
7.32421	-24.3164	-36.0352
10.8398	-24.9023	-35.4492
12.3047	-24.6094	-38.6719
15.2344	-24.0234	-42.1875
17.5781	-25.1953	-46.875
17.8711	-23.7305	-48.3398
18.75	-22.8516	-50.9766
22.8516	-23.4375	-55.0781
20.8008	-20.8008	-55.3711
24.3164	-19.043	-56.543
24.0234	-18.1641	-59.7656
24.6094	-17.5781	-61.5234
24.9023	-15.5273	-61.2305
26.0742	-12.0117	-61.8164
25.4883	-11.4258	-64.7461
25.7812	-8.20312	-65.0391
27.5391	-7.03125	-67.3828
25.1953	-4.10156	-69.1406
25.4883	-3.22265	-70.0195
24.9023	0.8789	-72.9492
25.1953	1.17187	-71.4844
25.1953	3.51562	-75
25.1953	3.51562	-75
22.8516	5.85937	-73.8281
21.0938	4.6875	-76.7578
20.2148	6.15234	-78.2227
17.8711	5.5664	-79.3945
17.5781	5.27343	-79.6875
16.1133	6.15234	-80.5664
16.4062	7.03125	-80.8594
12.5976	5.5664	-83.4961
12.3047	4.6875	-83.2031
10.8398	6.15234	-85.8398
9.08203	5.5664	-84.668
7.61718	7.03125	-87.3047
5.5664	4.98046	-85.8398
4.10156	6.44531	-85.5469
3.51562	6.44531	-87.3047
-2.05078	6.15234	-88.1836
-4.6875	4.6875	-88.4766
-6.15234	6.15234	-88.1836
-8.20312	4.6875	-87.8906
-9.375	6.44531	-88.4766
-13.4766	5.27343	-86.7188
-14.0625	4.6875	-84.375
-15.2344	4.6875	-86.7188
-18.75	5.27343	-84.9609
-19.3359	6.44531	-84.375
-21.0938	4.10156	-84.9609
-22.8516	5.85937	-81.4453
-24.9023	5.5664	-82.3242
-23.4375	4.6875	-81.4453
-24.9023	5.5664	-79.9805
-29.0039	4.39453	-78.2227
-30.1758	2.05078	-76.4648
-30.4688	2.34375	-75
-33.1055	0.29296	-71.7773
-33.9844	-0.58593	-69.1406
-36.9141	-1.75781	-67.3828
-35.4492	-3.22265	-65.918
-35.7422	-4.10156	-62.1094
-36.3281	-6.44531	-59.1797
-35.4492	-7.32421	-57.7148
-36.0352	-7.32421	-53.6133
-35.1562	-9.375	-52.1484
-35.1562	-9.96093	-49.8047
-34.8633	-11.4258	-47.7539
-33.9844	-10.5469	-49.2188
-33.3984	-11.1328	-46.875
-33.3984	-12.8906	-45.1172
-30.4688	-13.4766	-44.5312
-30.7617	-13.7695	-45.4102
-31.6406	-15.2344	-46.2891
-31.6406	-13.4766	-43.9453
-31.3477	-13.1836	-44.8242
-31.9336	-13.7695	-44.8242
-31.6406	-13.4766	-44.5312
-32.5195	-14.9414	-43.6523
-32.2266	-14.6484	-43.9453
-32.5195	-11.4258	-44.8242
-31.9336	-16.1133	-45.4102
-31.9336	-13.7695	-45.9961
-30.7617	-14.9414	-45.4102
-32.2266	-16.4062	-45.7031
-32.5195	-16.1133	-44.8242
-32.5195	-17.8711	-45.4102
-32.2266	-16.4062	-43.9453
-30.4688	-17.5781	-43.3594
-30.7617	-14.9414	-44.2383
-30.4688	-16.4062	-43.3594
-30.4688	-14.0625	-42.1875
-28.125	-14.0625	-42.1875
-28.7109	-16.4062	-39.2578
-26.6602	-13.7695	-39.5508
-28.418	-14.3555	-39.5508
-26.3672	-16.9922	-38.0859
-26.6602	-14.3555	-38.9648
-26.6602	-16.1133	-37.793
-24.6094	-14.6484	-37.5
-23.4375	-14.6484	-33.9844
-22.5586	-17.2852	-36.6211
-20.5078	-16.9922	-33.9844
-19.6289	-15.5273	-34.8633
-19.043	-16.6992	-34.2773
-17.2852	-16.1133	-32.5195
-17.2852	-16.1133	-32.5195
-16.6992	-16.1133	-31.9336
-17.2852	-17.2852	-31.9336
-14.6484	-15.2344	-33.3984
-14.6484	-16.9922	-32.8125
-14.9414	-16.1133	-31.3477
-15.5273	-16.6992	-32.5195
-13.4766	-17.5781	-29.8828
-12.8906	-18.1641	-31.0547
-12.8906	-17.5781	-32.2266
-12.0117	-18.457	-30.1758
-12.5976	-19.043	-31.9336
-11.1328	-17.5781	-31.0547
-10.8398	-17.2852	-30.1758
-11.1328	-18.75	-30.4688
-11.1328	-18.75	-29.8828
-11.4258	-19.043	-30.7617
-8.78906	-18.75	-31.6406
-9.08203	-19.043	-30.7617
-9.66796	-19.043	-31.9336
-8.49609	-19.043	-31.9336
-7.03125	-18.1641	-30.4688
-5.27343	-19.3359	-29.8828
-6.15234	-19.6289	-31.9336
-6.73828	-19.6289	-30.1758
-4.10156	-18.1641	-31.0547
-4.10156	-19.3359	-30.4688
0	-19.9219	-31.0547
-1.75781	-19.3359	-30.4688
-0.8789	-18.457	-30.7617
-1.46484	-19.6289	-30.1758
0	-18.1641	-29.8828
0	-18.1641	-29.8828
0.58593	-16.9922	-31.6406
0.58593	-17.5781	-30.4688
1.17187	-16.9922	-30.4688
1.46484	-17.2852	-30.1758
2.34375	-17.5781	-31.0547
2.34375	-16.4062	-29.8828
2.92968	-16.4062	-31.6406
3.51562	-15.8203	-31.6406
2.63671	-15.5273	-30.7617
4.98046	-14.9414	-31.3477
2.92968	-14.6484	-31.0547
4.10156	-14.0625	-29.8828
4.10156	-12.3047	-28.7109
5.27343	-14.0625	-30.4688
4.6875	-14.0625	-29.2969
4.98046	-11.4258	-30.7617
5.5664	-12.0117	-31.3477
3.51562	-13.4766	-31.0547
5.85937	-10.5469	-32.2266
6.15234	-9.08203	-29.0039
7.32421	-9.66796	-30.7617
6.73828	-7.91015	-31.3477
5.85937	-7.61718	-32.2266
6.44531	-5.85937	-32.8125
5.5664	-6.15234	-32.5195
6.73828	-6.15234	-31.3477
8.20312	-5.27343	-31.6406
6.73828	-4.98046	-31.9336
8.20312	-5.85937	-31.0547
5.5664	-3.80859	-30.7617
6.73828	-3.80859	-32.5195
5.27343	-4.10156	-31.6406
7.03125	-4.10156	-30.4688
5.85937	-4.10156	-34.5703
5.85937	-2.34375	-32.2266
6.73828	-2.63671	-32.5195
7.32421	-2.05078	-32.5195
4.6875	0.58593	-32.8125
6.15234	-0.8789	-32.5195
7.03125	-1.75781	-33.9844
4.98046	-0.29296	-32.5195
4.10156	1.17187	-32.8125
4.10156	1.17187	-32.8125
3.51562	1.75781	-33.9844
3.51562	0	-32.8125
1.75781	1.17187	-33.3984
2.63671	2.05078	-33.1055
0.8789	2.63671	-34.2773
0.8789	3.80859	-31.9336
0.29296	1.46484	-32.5195
1.75781	1.17187	-32.8125
-0.8789	3.80859	-34.2773
0.29296	3.22265	-33.6914
0.8789	4.39453	-34.2773
0	3.51562	-33.9844
-2.92968	2.92968	-33.3984
-1.75781	2.92968	-33.9844
-1.75781	2.34375	-33.9844
-2.34375	2.92968	-32.8125
-2.92968	3.51562	-35.1562
-1.17187	2.92968	-33.9844
-1.46484	3.22265	-33.6914
-3.51562	1.75781	-33.3984
-2.92968	3.51562	-33.3984
-2.92968	4.6875	-34.5703
-4.10156	4.10156	-33.9844
-4.6875	2.34375	-32.8125
-5.27343	4.6875	-34.5703
-6.44531	5.27343	-35.1562
-7.61718	2.92968	-33.9844
-8.20312	4.10156	-35.1562
-8.49609	2.63671	-33.6914
-10.5469	2.34375	-33.9844
-10.2539	2.63671	-34.2773
-9.08203	0.8789	-34.2773
-12.0117	0.8789	-33.6914
-10.2539	-1.46484	-33.6914
-9.66796	-0.29296	-33.1055
-10.5469	-1.17187	-33.3984
-10.5469	-1.17187	-33.3984
-11.7188	-1.75781	-31.6406
-10.2539	-3.80859	-33.1055
-10.2539	-2.63671	-31.9336
-8.20312	-4.6875	-32.8125
-8.20312	-4.6875	-32.2266
-8.20312	-4.6875	-32.2266
-6.44531	-5.85937	-31.6406
-4.6875	-4.6875	-31.0547
-1.75781	-5.27343	-31.0547
1.75781	-5.27343	-29.8828
3.51562	-6.44531	-29.2969
6.44531	-4.6875	-31.0547
11.7188	-6.44531	-34.5703
14.0625	-5.85937	-35.1562
18.75	-6.44531	-38.6719
20.8008	-5.5664	-41.8945
23.4375	-4.6875	-43.3594
25.4883	-4.98046	-45.9961
25.7812	-4.6875	-49.2188
29.0039	-4.98046	-53.6133
29.8828	-6.44531	-56.25
28.125	-7.03125	-59.1797
29.5898	-4.98046	-62.4023
26.0742	-6.15234	-65.918
26.3672	-5.85937	-67.9688
26.0742	-5.5664	-70.0195
24.0234	-5.85937	-71.4844
23.7305	-6.15234	-72.3633
22.8516	-6.44531	-72.6562
24.0234	-8.20312	-71.4844
26.0742	-7.91015	-71.7773
25.1953	-8.78906	-67.9688
24.6094	-9.96093	-66.2109
24.9023	-12.0117	-64.7461
25.4883	-14.3555	-64.7461
26.0742	-13.1836	-62.9883
24.9023	-16.6992	-57.7148
25.4883	-16.6992	-57.1289
25.7812	-18.75	-53.3203
24.9023	-18.457	-53.0273
22.8516	-21.6797	-48.0469
19.3359	-22.2656	-45.7031
17.5781	-23.4375	-45.1172
16.6992	-24.9023	-43.0664
15.5273	-25.4883	-41.8945
10.8398	-27.832	-39.5508
9.375	-27.5391	-37.5
5.5664	-27.832	-36.6211
0.58593	-29.8828	-38.0859
-4.6875	-29.2969	-37.5
-5.85937	-30.4688	-38.0859
-9.96093	-28.7109	-36.9141
-14.9414	-27.832	-38.3789
-16.4062	-28.125	-36.9141
-19.9219	-27.5391	-40.4297
-22.2656	-25.7812	-41.6016
-26.0742	-23.1445	-42.4805
-27.2461	-21.9727	-43.0664
-27.2461	-22.5586	-43.0664
-29.5898	-19.6289	-44.8242
-31.3477	-19.043	-46.582
-31.9336	-17.8711	-45.9961
-33.6914	-16.6992	-47.7539
-34.2773	-16.1133	-51.2695
-33.6914	-17.8711	-54.1992
-33.1055	-17.8711	-53.0273
-33.6914	-17.8711	-54.7852
-32.2266	-18.1641	-56.8359
-32.2266	-21.0938	-58.0078
-28.418	-23.7305	-57.7148
-28.418	-23.7305	-57.7148
-26.3672	-26.3672	-58.5938
-22.5586	-29.0039	-60.0586
-19.3359	-32.2266	-56.8359
-17.2852	-31.9336	-57.1289
-14.6484	-33.3984	-55.6641
-10.8398	-35.4492	-54.7852
-3.80859	-33.6914	-50.0977
0.8789	-33.6914	-47.7539
2.92968	-32.2266	-46.2891
9.66796	-29.0039	-43.6523
10.8398	-27.832	-41.3086
13.4766	-26.9531	-41.6016
16.6992	-23.1445	-40.1367
20.5078	-16.9922	-41.0156
22.5586	-13.1836	-41.3086
23.1445	-8.49609	-42.4805
21.6797	-7.03125	-42.7734
22.8516	-0.58593	-43.3594
23.7305	3.22265	-44.8242
21.3867	4.98046	-45.4102
18.75	9.375	-46.875
16.9922	11.1328	-45.7031
14.3555	16.6992	-48.9258
12.0117	16.1133	-49.5117
10.5469	16.4062	-48.0469
7.61718	18.1641	-49.2188
5.85937	19.3359	-49.2188
4.10156	18.75	-51.5625
3.22265	20.8008	-50.0977
2.34375	20.5078	-51.5625
1.17187	21.0938	-51.5625
1.17187	19.3359	-49.8047
1.17187	19.3359	-49.2188
0	19.3359	-47.4609
1.46484	17.8711	-45.4102
1.17187	16.4062	-45.1172
1.46484	12.0117	-42.4805
1.46484	13.1836	-41.3086
0.58593	8.78906	-35.1562
-0.58593	6.44531	-35.7422
-2.05078	3.80859	-34.2773
-3.22265	3.80859	-30.7617
-3.51562	1.17187	-32.2266
-3.51562	-1.17187	-30.4688
-6.44531	-4.10156	-30.4688
-8.49609	-5.5664	-31.3477
-9.375	-7.03125	-31.0547
-10.5469	-6.44531	-29.8828
-13.1836	-6.15234	-31.3477
-12.8906	-8.20312	-32.2266
-14.6484	-7.61718	-31.0547
-17.2852	-9.08203	-31.9336
-18.75	-11.1328	-32.2266
-22.8516	-11.7188	-33.3984
-24.9023	-12.0117	-35.4492
-26.0742	-11.4258	-37.207
-28.125	-11.7188	-38.0859
-31.0547	-11.7188	-40.4297
-30.1758	-13.1836	-42.4805
-30.1758	-13.7695	-44.8242
-32.5195	-13.7695	-44.8242
-34.2773	-14.3555	-44.8242
-33.3984	-12.8906	-45.7031
-33.9844	-11.7188	-46.875
-35.7422	-12.8906	-48.6328
-35.1562	-12.3047	-49.8047
-35.7422	-13.4766	-50.9766
-34.8633	-13.7695	-50.0977
-33.9844	-12.3047	-52.7344
-37.5	-12.8906	-55.0781
-35.4492	-14.3555	-55.3711
-34.8633	-12.5976	-59.4727
-35.7422	-13.4766	-60.3516
-36.3281	-13.4766	-60.9375
-34.2773	-12.5976	-65.332
-34.5703	-12.8906	-65.625
-32.5195	-12.0117	-67.0898
-32.8125	-14.0625	-72.0703
-30.4688	-14.0625	-74.4141
-23.7305	-13.1836	-79.3945
-21.3867	-13.7695	-79.3945
-14.6484	-14.6484	-82.0312
-14.0625	-15.2344	-82.6172
-11.4258	-16.1133	-83.4961
-5.5664	-15.5273	-84.082
-0.58593	-15.2344	-83.2031
4.6875	-15.2344	-82.0312
6.44531	-14.6484	-81.4453
10.5469	-15.2344	-77.9297
15.5273	-16.6992	-76.4648
16.6992	-16.1133	-74.1211
19.043	-16.6992	-72.9492
21.0938	-15.8203	-67.3828
24.9023	-14.9414	-61.8164
24.9023	-14.9414	-61.8164
27.5391	-14.6484	-55.0781
26.9531	-14.0625	-52.7344
27.2461	-12.5976	-51.2695
28.125	-12.8906	-48.0469
24.6094	-9.375	-45.1172
24.6094	-8.20312	-45.1172
21.6797	-4.6875	-41.0156
21.6797	-4.10156	-40.4297
19.043	-0.8789	-38.9648
17.2852	-0.8789	-38.9648
17.2852	-0.29296	-37.793
15.2344	2.92968	-37.5
14.6484	1.75781	-38.0859
12.8906	2.92968	-36.9141
11.7188	1.17187	-35.1562
11.7188	1.75781	-35.7422
10.8398	0.29296	-34.2773
9.66796	-0.8789	-33.1055
8.49609	-3.80859	-30.7617
8.78906	-6.44531	-29.8828
5.27343	-10.5469	-32.2266
6.15234	-10.8398	-28.418
0.8789	-15.5273	-30.1758
2.05078	-16.6992	-30.1758
1.17187	-19.9219	-29.8828
-1.75781	-20.5078	-29.8828
-3.22265	-19.6289	-29.5898
-8.49609	-21.3867	-31.3477
-10.2539	-24.3164	-31.3477
-11.4258	-21.9727	-30.1758
-15.8203	-20.5078	-34.5703
-16.9922	-21.0938	-33.9844
-19.3359	-18.75	-35.7422
-22.5586	-18.457	-34.8633
-23.1445	-17.2852	-34.8633
-21.9727	-17.8711	-35.4492
-24.9023	-17.2852	-35.4492
-24.0234	-16.9922	-36.9141
-24.0234	-16.9922	-35.1562
-25.7812	-16.9922	-37.5
-24.9023	-18.457	-36.6211
-24.0234	-18.1641	-37.5
-26.0742	-17.8711	-36.6211
-24.6094	-18.1641	-36.9141
-25.1953	-17.5781	-37.5
-24.6094	-21.0938	-37.5
-23.7305	-21.3867	-37.793
-22.5586	-24.3164	-37.207
-23.4375	-22.8516	-38.0859
-19.6289	-26.0742	-38.9648
-22.2656	-26.3672	-38.6719
-19.6289	-28.418	-39.5508
-18.75	-29.2969	-41.0156
-19.043	-31.3477	-42.4805
-18.457	-31.9336	-44.2383
-19.3359	-32.2266	-45.7031
-17.5781	-30.4688	-49.8047
-17.2852	-32.5195	-52.4414
-17.2852	-31.3477	-54.7852
-15.2344	-32.8125	-56.8359
-16.1133	-31.3477	-59.4727
-16.1133	-29.5898	-62.9883
-14.6484	-28.7109	-66.2109
-13.7695	-27.2461	-67.6758
-14.3555	-26.6602	-69.4336
-11.4258	-24.3164	-71.7773
-9.66796	-24.9023	-74.1211
-9.96093	-23.4375	-75.5859
-4.6875	-19.3359	-77.9297
-4.6875	-19.3359	-78.5156
-0.58593	-16.9922	-82.6172
-0.29296	-17.8711	-81.1523
4.98046	-14.9414	-80.5664
2.92968	-12.8906	-82.0312
7.61718	-12.8906	-80.8594
7.03125	-11.1328	-83.2031
9.375	-10.5469	-82.0312
10.2539	-9.66796	-81.7383
12.0117	-7.32421	-81.7383
13.4766	-4.10156	-82.0312
12.5976	-3.80859	-81.7383
12.0117	-2.05078	-83.4961
14.0625	-0.58593	-82.0312
12.8906	1.17187	-82.6172
13.7695	3.22265	-82.9102
12.3047	6.44531	-82.6172
12.8906	7.61718	-83.2031
10.2539	11.4258	-84.082
9.96093	9.96093	-83.2031
8.49609	10.2539	-82.9102
9.375	12.3047	-83.2031
8.49609	13.1836	-83.4961
7.32421	14.3555	-83.4961
6.15234	14.9414	-84.082
6.44531	17.5781	-82.0312
2.34375	15.8203	-82.6172
3.51562	16.9922	-82.0312
2.92968	16.4062	-82.0312
1.75781	15.8203	-82.6172
-1.17187	17.5781	-82.0312
-0.8789	16.6992	-83.4961
-2.34375	17.5781	-82.6172
-1.17187	18.75	-82.0312
-2.92968	18.1641	-81.4453
-3.80859	19.043	-80.5664
-4.10156	21.0938	-80.8594
-4.6875	21.6797	-77.9297
-5.85937	21.0938	-78.5156
-6.15234	21.3867	-77.6367
-9.66796	20.8008	-75.293
-10.8398	21.9727	-75.293
-10.5469	21.6797	-72.0703
-12.8906	22.2656	-70.8984
-14.0625	21.6797	-69.1406
-14.6484	22.2656	-66.7969
-15.8203	21.6797	-65.0391
-18.457	21.3867	-64.1602
-18.457	19.6289	-59.4727
-18.75	18.1641	-59.1797
-19.6289	17.8711	-55.3711
-22.5586	16.6992	-55.3711
-22.8516	14.6484	-55.0781
-24.0234	14.6484	-52.1484
-23.1445	12.5976	-50.6836
-21.9727	12.0117	-50.0977
-21.6797	11.1328	-48.6328
-23.1445	12.0117	-48.9258
-21.3867	12.0117	-48.3398
-21.3867	10.8398	-48.3398
-22.2656	10.5469	-48.6328
-21.6797	9.375	-48.0469
-21.3867	12.0117	-47.7539
-20.8008	10.2539	-47.168
-21.3867	9.66796	-47.168
-21.6797	11.1328	-46.2891
-22.5586	11.4258	-47.7539
-20.5078	11.7188	-47.4609
-22.5586	11.4258	-47.7539
-20.8008	11.4258	-48.9258
-21.0938	11.7188	-47.4609
-23.4375	10.5469	-48.6328
-23.4375	11.1328	-50.3906
-24.3164	13.1836	-51.2695
-24.0234	11.1328	-50.3906
-24.6094	11.7188	-48.6328
-25.4883	9.08203	-50.6836
-26.6602	9.66796	-49.5117
-27.5391	8.78906	-52.1484
-27.832	8.49609	-51.2695
-28.125	7.61718	-52.1484
-29.8828	7.61718	-52.7344
-29.5898	5.5664	-51.2695
-30.1758	5.5664	-51.8555
-30.1758	3.80859	-49.5117
-31.0547	3.51562	-50.9766
-31.9336	2.05078	-51.8555
-33.6914	2.63671	-49.5117
-31.9336	0.8789	-50.0977
-32.5195	-1.46484	-48.9258
-31.3477	-3.22265	-48.3398
-33.1055	-4.98046	-48.9258
-33.3984	-7.61718	-48.6328
-33.1055	-6.15234	-46.582
-31.9336	-7.91015	-47.168
-33.3984	-8.78906	-47.4609
-33.1055	-10.8398	-44.8242
-32.5195	-10.8398	-46.582
-32.8125	-13.4766	-45.1172
-31.0547	-13.4766	-46.2891
-31.9336	-13.7695	-45.4102
-33.1055	-15.5273	-45.9961
-31.0547	-15.2344	-45.1172
-32.8125	-16.4062	-48.6328
-32.8125	-15.8203	-48.6328
-33.3984	-18.1641	-49.2188
-32.8125	-18.1641	-49.8047
-32.8125	-18.1641	-52.7344
-33.3984	-18.75	-53.3203
-33.3984	-19.3359	-54.4922
-31.9336	-17.2852	-55.3711
-33.6914	-17.8711	-56.543
-33.1055	-16.6992	-57.7148
-35.4492	-13.7695	-58.3008
-34.2773	-15.5273	-60.0586
-33.6914	-16.1133	-60.6445
-34.2773	-13.7695	-64.7461
-33.9844	-13.4766	-63.2812
-34.5703	-14.0625	-64.4531
-34.2773	-12.5976	-65.332
-35.1562	-12.8906	-66.2109
-34.2773	-12.5976	-67.6758
-34.2773	-11.4258	-67.0898
-33.3984	-10.5469	-67.9688
-32.8125	-10.5469	-71.4844
-32.5195	-9.66796	-72.3633
-31.9336	-8.49609	-72.9492
-30.7617	-7.91015	-74.1211
-30.7617	-6.73828	-74.1211
-29.8828	-5.27343	-76.1719
-28.7109	-5.27343	-78.5156
-30.4688	-4.10156	-76.7578
-27.832	-2.63671	-78.2227
-27.2461	-3.22265	-81.7383
-25.1953	-1.75781	-79.1016
-25.4883	0.8789	-82.3242
-23.4375	1.75781	-81.4453
-21.9727	1.46484	-85.2539
-22.5586	3.80859	-82.9102
-21.3867	3.22265	-85.2539
-18.75	4.10156	-84.9609
-18.1641	4.10156	-85.5469
-19.043	4.98046	-85.2539
-19.3359	6.44531	-86.1328
-16.6992	6.73828	-86.4258
-15.5273	5.5664	-87.0117
-16.4062	4.6875	-84.9609
-16.6992	6.15234	-85.8398
-16.1133	5.5664	-86.4258
-13.7695	6.15234	-86.4258
-14.0625	5.27343	-87.8906
-12.8906	7.03125	-87.3047
-11.7188	4.10156	-88.4766
-9.08203	4.98046	-87.5977
-11.4258	5.5664	-88.7695
-8.49609	4.39453	-87.5977
-8.20312	4.6875	-88.4766
-5.5664	4.39453	-87.5977
-4.98046	4.98046	-88.1836
-3.51562	2.92968	-86.7188
-2.34375	4.6875	-87.3047
-1.46484	3.22265	-88.1836
-1.17187	4.6875	-86.7188
1.17187	4.10156	-86.7188
2.63671	2.63671	-87.0117
5.5664	3.80859	-86.4258
3.22265	4.39453	-85.8398
7.32421	3.22265	-85.2539
8.78906	4.6875	-85.5469
9.66796	2.63671	-85.8398
9.375	2.34375	-84.375
11.7188	3.51562	-83.2031
14.0625	4.10156	-82.0312
15.2344	2.34375	-80.8594
13.7695	3.80859	-82.3242
15.8203	4.10156	-81.4453
18.75	3.51562	-80.8594
17.8711	3.22265	-79.9805
19.3359	4.10156	-77.9297
19.9219	3.51562	-76.7578
21.6797	4.10156	-75
21.3867	5.5664	-75.293
23.7305	5.5664	-74.1211
24.3164	5.5664	-72.3633
22.5586	6.15234	-72.3633
24.3164	5.5664	-68.2617
25.4883	6.73828	-68.2617
25.7812	5.85937	-66.2109
25.1953	9.375	-65.625
23.1445	7.91015	-64.1602
24.3164	7.32421	-61.2305
24.9023	9.08203	-61.2305
25.1953	8.78906	-60.3516
24.6094	9.96093	-59.7656
24.9023	9.08203	-57.7148
23.7305	9.08203	-55.957
23.1445	8.49609	-54.7852
23.4375	7.03125	-52.1484
21.6797	8.20312	-49.8047
21.9727	9.08203	-51.2695
22.5586	7.91015	-50.0977
21.0938	9.375	-47.4609
20.8008	7.32421	-47.168
18.75	9.96093	-46.2891
17.8711	9.08203	-45.9961
16.1133	9.08203	-43.0664
15.5273	9.08203	-42.4805
15.2344	8.78906	-42.1875
14.0625	7.61718	-42.1875
14.0625	8.78906	-41.0156
10.5469	9.375	-39.8438
10.2539	9.66796	-40.1367
9.66796	8.49609	-39.5508
8.78906	8.20312	-39.8438
8.20312	7.61718	-36.9141
6.44531	7.03125	-38.6719
7.61718	7.61718	-36.9141
7.61718	5.85937	-36.3281
6.44531	8.20312	-36.9141
7.32421	6.73828	-37.793
7.32421	6.73828	-36.6211
6.15234	6.73828	-37.207
7.32421	6.73828	-37.207
4.39453	6.15234	-37.793
5.5664	6.15234	-37.793
6.15234	7.91015	-37.207
4.10156	6.44531	-36.3281
4.98046	7.91015	-36.6211
4.39453	7.91015	-37.207
3.51562	7.03125	-36.9141
4.10156	7.61718	-36.9141
2.63671	6.15234	-36.6211
3.22265	8.49609	-36.6211
2.05078	6.15234	-34.8633
2.05078	5.5664	-34.8633
1.46484	4.39453	-36.6211
2.34375	5.85937	-35.1562
1.17187	5.27343	-35.1562
1.46484	4.98046	-34.8633
0.29296	3.80859	-34.8633
1.75781	4.6875	-33.9844
0.29296	3.22265	-33.6914
-0.29296	3.80859	-33.1055
-0.29296	3.80859	-34.2773
-0.29296	2.63671	-34.8633
0	2.34375	-35.1562
-1.17187	3.51562	-33.9844
-1.17187	3.51562	-33.3984
-1.75781	4.10156	-32.8125
-2.92968	2.92968	-33.3984
-2.63671	2.05078	-32.5195
-2.05078	2.05078	-33.6914
-2.92968	2.34375	-34.5703
-1.75781	2.92968	-34.5703
-1.75781	4.10156	-33.3984
-4.98046	3.80859	-34.8633
-3.80859	1.46484	-32.5195
-4.10156	3.51562	-33.3984
-4.10156	2.34375	-32.2266
-4.10156	2.34375	-32.2266
-5.85937	0.58593	-33.9844
-8.20312	2.92968	-33.9844
-6.44531	2.92968	-33.3984
-8.78906	1.17187	-33.9844
-8.78906	0.58593	-33.9844
-9.375	2.34375	-32.8125
-8.78906	1.75781	-33.3984
-10.5469	1.75781	-35.7422
-11.7188	2.92968	-35.1562
-12.5976	3.22265	-36.0352
-13.1836	2.05078	-35.4492
-14.6484	0.58593	-34.5703
-15.8203	0	-33.9844
-16.6992	-2.05078	-36.6211
-16.1133	-0.8789	-36.6211
-18.457	-4.39453	-34.8633
-19.6289	-6.15234	-33.6914
-19.9219	-10.5469	-33.3984
-19.043	-12.5976	-33.1055
-19.6289	-15.5273	-34.2773
-17.2852	-19.043	-34.8633
-19.043	-21.9727	-35.4492
-17.5781	-22.2656	-35.1562
-16.6992	-27.2461	-36.0352
-15.2344	-28.125	-38.0859
-17.5781	-28.7109	-39.2578
-14.0625	-31.0547	-41.6016
-14.0625	-31.6406	-44.5312
-10.2539	-33.6914	-47.168
-11.4258	-34.2773	-48.3398
-9.66796	-34.2773	-47.7539
-7.03125	-32.8125	-52.7344
-4.6875	-32.2266	-53.3203
-2.63671	-31.9336	-55.3711
0.58593	-32.8125	-57.4219
1.46484	-33.1055	-58.3008
1.75781	-31.6406	-60.9375
4.10156	-32.8125	-60.9375
5.5664	-30.7617	-60.6445
6.44531	-29.8828	-62.1094
9.375	-28.7109	-62.1094
8.49609	-28.418	-62.4023
9.66796	-30.7617	-62.4023
9.96093	-27.5391	-62.1094
11.7188	-28.125	-61.5234
13.4766	-29.2969	-59.1797
13.4766	-29.2969	-58.0078
12.5976	-29.0039	-53.6133
15.2344	-28.125	-50.9766
14.3555	-27.2461	-47.7539
16.9922	-28.7109	-46.875
16.1133	-25.4883	-45.4102
16.9922	-23.4375	-43.3594
18.75	-21.6797	-41.6016
20.2148	-19.6289	-41.8945
20.2148	-17.8711	-43.0664
20.2148	-16.1133	-41.3086
22.8516	-11.1328	-42.7734
24.3164	-7.91015	-41.8945
25.4883	-4.39453	-44.2383
24.6094	-5.85937	-42.1875
25.1953	-0.58593	-44.5312
23.1445	2.05078	-46.582
25.1953	4.10156	-46.875
24.0234	8.20312	-48.6328
20.8008	9.66796	-49.5117
21.0938	11.7188	-49.2188
20.2148	13.1836	-50.0977
20.2148	13.7695	-52.4414
16.6992	17.2852	-52.4414
14.9414	16.6992	-51.2695
15.2344	18.1641	-53.3203
11.7188	19.3359	-52.7344
9.08203	19.6289	-51.2695
7.91015	19.6289	-50.6836
5.85937	19.9219	-49.2188
3.80859	18.457	-49.5117
1.75781	20.5078	-47.4609
-1.17187	18.1641	-47.4609
-2.63671	17.8711	-45.4102
-4.39453	16.6992	-44.2383
-8.78906	14.6484	-42.7734
-12.0117	12.5976	-42.4805
-16.6992	11.4258	-41.3086
-17.5781	10.5469	-41.6016
-24.0234	6.44531	-43.9453
-27.832	4.39453	-45.9961
-32.8125	1.17187	-52.1484
-36.6211	-0.29296	-55.957
-38.0859	-5.27343	-61.5234
-35.4492	-6.73828	-64.1602
-35.4492	-7.91015	-65.918
-36.3281	-8.78906	-66.7969
-32.8125	-12.8906	-67.3828
-31.9336	-14.3555	-67.0898
-31.3477	-18.457	-66.5039
-28.125	-21.6797	-64.4531
-26.9531	-25.1953	-60.9375
-24.6094	-26.9531	-58.0078
-21.6797	-31.0547	-55.0781
-20.2148	-31.9336	-52.4414
-16.6992	-35.4492	-50.0977
-9.96093	-33.9844	-45.7031
-8.20312	-33.3984	-43.9453
0	-32.2266	-43.3594
2.92968	-32.2266	-42.7734
3.51562	-32.2266	-42.1875
7.03125	-30.4688	-43.9453
9.66796	-28.418	-41.3086
12.3047	-26.3672	-40.4297
15.5273	-24.9023	-40.1367
15.8203	-23.4375	-41.0156
19.043	-20.8008	-41.8945
19.6289	-19.6289	-41.3086
20.8008	-17.2852	-40.7227
19.9219	-15.2344	-39.8438
21.0938	-14.6484	-39.2578
21.6797	-13.4766	-39.8438
19.3359	-12.8906	-37.5
19.6289	-13.1836	-37.207
18.457	-12.0117	-36.0352
15.8203	-12.8906	-35.1562
14.9414	-12.5976	-34.2773
14.9414	-13.1836	-33.1055
12.3047	-14.6484	-31.0547
9.96093	-12.3047	-30.4688
7.32421	-13.1836	-29.5898
3.80859	-13.7695	-30.7617
-2.63671	-12.5976	-29.0039
-3.51562	-15.2344	-28.7109
-7.91015	-13.7695	-29.5898
-9.66796	-12.0117	-30.7617
-14.0625	-12.8906	-29.8828
-15.2344	-11.7188	-31.6406
-18.457	-10.8398	-31.9336
-20.5078	-9.96093	-33.9844
-21.3867	-9.66796	-35.4492
-22.8516	-9.375	-36.3281
-25.4883	-9.08203	-35.4492
-26.3672	-8.78906	-37.5
-26.0742	-6.73828	-38.3789
-25.1953	-6.44531	-39.2578
-26.6602	-6.73828	-39.5508
-26.6602	-5.5664	-37.793
-27.5391	-7.61718	-39.8438
-24.9023	-5.5664	-38.9648
-24.3164	-6.15234	-38.3789
-24.3164	-4.39453	-37.793
-22.2656	-4.10156	-37.5
-21.3867	-3.80859	-36.6211
-20.5078	-2.92968	-35.7422
-18.75	-3.51562	-35.7422
-17.5781	-1.17187	-35.7422
-15.2344	-1.17187	-35.1562
-14.3555	0.29296	-34.2773
-14.3555	2.05078	-34.8633
-13.4766	2.34375	-35.7422
